(2, 5.0025910859756811e-05)* (0, 5.53391796944883e-08)* (13, 5.1582255658852048e-08)
(7, 5.0008028225362375e-05)* (1, 8.0365760090711719e-09)* (2, 7.0925057334658671e-08)* (3, 5.8198307129376267e-09)* (9, 6.046554182557838e-08)
(1, 5.0011838880929984e-05)* (2, 2.3567889196655597e-08)* (3, 1.526964198944711e-08)* (9, 3.2130879582334274e-08)* (11, 5.079134662864176e-08)
(5, 4.9891913918733004e-05)* (4, 1.2360618752181514e-07)* (14, 9.0053289578290207e-08)
(10, 4.994253282786451e-05)* (1, 1.2180767382469969e-07)* (3, 1.113823586577491e-07)* (7, 3.4770156399131053e-08)
(4, 4.997713582274718e-05)* (3, 3.6565878660537354e-08)* (14, 1.1599031038779967e-07)
(2, 5.0020200561069785e-05)* (0, 1.1591420780015518e-08)* (3, 7.1646844089203127e-09)
(10, 4.9951996308575466e-05)* (1, 7.4453935930463325e-08)* (7, 6.4963590628693761e-08)
(8, 5.0041625676254836e-05)* (9, 7.0758860568341823e-08)* (16, 1.0254802734678981e-08)
(1, 5.0024324165734356e-05)* (2, 6.1388405986042205e-09)* (9, 2.6795945504062011e-08)* (11, 3.768253862570202e-08)
(1, 5.001620028344745e-05)* (2, 1.7808044323567457e-08)* (9, 2.3215818202653945e-08)* (11, 6.155246285267853e-08)
(4, 5.000832065298201e-05)* (1, 1.9437417523583114e-08)* (2, 5.738708972664896e-09)* (3, 9.9162922312102638e-09)* (14, 1.0006730473379659e-07)
(10, 4.9959816468265583e-05)* (6, 4.0325821056149628e-09)* (7, 5.8672110055129787e-08)
(3, 5.0012850614022024e-05)* (1, 1.4474327255834625e-09)* (2, 1.1547620549056249e-08)* (11, 2.8855494177411443e-08)
(3, 5.0016404230870433e-05)* (0, 5.9397522900529775e-08)* (2, 3.7685493050750268e-08)
(2, 5.0037972545890096e-05)* (11, 3.8111824679001318e-08)* (13, 2.0112162634193954e-06)
(4, 4.9968895195187936e-05)* (1, 4.7299575499167739e-08)* (2, 7.6182062044338522e-08)* (3, 2.5596857543891871e-08)* (14, 3.5991144004999414e-08)
(7, 5.0008901955109484e-05)* (1, 5.5873292126444086e-08)* (8, 3.3463090118308311e-07)* (9, 5.0476882380333442e-08)
(1, 5.0035702373921453e-05)* (2, 4.9170983039175037e-08)* (9, 2.793894059226025e-08)* (11, 1.0358111079860938e-08)
(10, 4.9954946458387395e-05)* (6, 3.3442164281572838e-08)* (7, 4.2940523072039071e-08)* (8, 1.5247710189889642e-07)* (15, 9.9557832844566596e-08)
(7, 5.0019167376285801e-05)* (1, 4.6261372796811456e-09)* (2, 2.50276600947285e-09)* (3, 4.380344265666981e-09)* (9, 4.4426657717200986e-08)* (11, 4.7321007670350374e-08)
(9, 5.0099170110888642e-05)* (8, 1.6298313288033847e-09)* (16, 4.8350878349775626e-08)
(6, 4.9992503641396903e-05)* (7, 1.3788082532359728e-08)* (8, 2.0813235485480025e-08)* (15, 1.0995476531652597e-08)
(1, 5.005490016278755e-05)* (8, 1.1221590138772546e-08)* (9, 5.7071301872110868e-08)* (11, 2.614772541909905e-08)* (16, 3.5809961221731803e-08)
(11, 5.0065177319303618e-05)* (9, 2.3670620366770373e-08)* (16, 1.6899967021195502e-08)
(3, 5.0040239412783491e-05)* (1, 1.5774282447923314e-08)* (2, 3.2890566033734795e-09)* (4, 2.3982357474591244e-08)
(5, 4.9865698594507903e-05)* (4, 5.9077008587922627e-08)* (10, 3.3059203472132856e-08)
(2, 5.003332579937357e-05)* (1, 2.3642804334619269e-07)* (9, 1.7048528561103282e-09)* (11, 6.8029641286366886e-08)
(8, 5.0019434445415281e-05)* (1, 2.7247032064663199e-09)* (9, 2.9479736508394752e-08)* (11, 4.6574443496553845e-08)* (16, 1.0662440867979263e-07)
(1, 5.0022058737474184e-05)* (9, 2.4614544502456529e-08)* (11, 3.3524217314188074e-08)* (16, 2.7903525135302668e-08)
(8, 5.0014441918186201e-05)* (1, 1.6348882196476312e-08)* (9, 4.9226627479016208e-08)* (11, 6.0688241492689546e-08)* (16, 6.6304186152641527e-08)
(2, 5.0046650855639032e-05)* (1, 1.5766001685203637e-08)* (9, 9.5848155557971392e-09)* (11, 5.6881707434779539e-09)
(1, 5.0042621507734668e-05)* (8, 7.1425235578858953e-08)* (9, 9.2060034278063985e-08)* (11, 4.2805503470040595e-08)* (16, 1.6717321938753728e-08)
(3, 5.0017240597589465e-05)* (1, 7.3288051847549386e-09)* (2, 3.1270259090578978e-09)
(7, 4.9986948341000535e-05)* (1, 1.7398364429588461e-07)* (8, 7.2246552471305452e-08)* (9, 1.2462405387696831e-07)* (11, 1.3892813322008451e-07)* (16, 7.7224224300997892e-08)
(8, 5.0091208941756053e-05)* (7, 1.1913307792899477e-06)* (9, 2.0231288899805883e-08)* (15, 2.9066215947373545e-08)
(14, 5.0031792007398944e-05)* (0, 7.5828085443499992e-08)* (3, 7.4353436074948596e-08)
(6, 4.9975448768234557e-05)* (7, 4.7042170166807906e-08)* (10, 1.0906830821397933e-07)* (15, 4.0935598959701525e-08)
(7, 4.9989548002544186e-05)* (1, 4.241455078352269e-08)* (2, 5.3364191059086059e-08)* (3, 2.2885947609844429e-08)* (4, 4.1500734293467968e-08)
(5, 4.989878814825755e-05)* (4, 1.2592079059565661e-07)* (7, 1.8434733624905379e-07)* (10, 2.3957320499527811e-08)
(5, 4.9928517743149819e-05)* (3, 9.7679455148634423e-08)* (4, 9.1846373219776347e-08)* (7, 7.8344217228595078e-08)* (10, 3.5876987712812533e-08)
(1, 5.0054351900756397e-05)* (9, 3.406951924357903e-08)* (11, 7.080579701176866e-08)* (16, 6.1034940364700237e-08)
(11, 5.0053018916525874e-05)* (12, 4.1328138128799124e-08)* (16, 1.4174834230978883e-08)
(7, 5.0013151201015186e-05)* (1, 1.2199364552860402e-08)* (8, 4.6741930525648497e-08)* (9, 2.8410220970338741e-08)* (15, 6.3985730567696147e-08)
(2, 5.0027094562276799e-05)* (11, 2.1194691141367486e-08)* (12, 7.6304445874689783e-08)* (13, 7.9570245849574475e-08)
(11, 5.0064744308109274e-05)* (2, 4.6681022818455807e-07)* (12, 2.6271470043441906e-08)
(2, 5.0036284505455212e-05)* (0, 7.2766547515318173e-08)* (13, 6.9519147479801845e-08)
(7, 4.9994087279042984e-05)* (8, 6.9363923566638172e-08)* (9, 4.632670634800262e-08)* (15, 3.6038389705386569e-08)
(2, 5.0027892023047008e-05)* (11, 5.0534231491219776e-08)* (12, 2.3905224928926839e-07)* (13, 7.9956929938233845e-08)
(8, 5.0010487079236872e-05)* (9, 2.7744052587999992e-08)* (15, 1.0375683871274952e-08)* (16, 3.0098385640195445e-08)
(5, 4.998882054909711e-05)* (4, 6.7256135491910139e-08)* (7, 2.4321367280299327e-08)* (10, 3.9449709001297445e-08)
(1, 5.0069430257957325e-05)* (2, 2.6545288374657538e-08)* (3, 3.120203563561065e-08)* (11, 2.6589488665938862e-08)
(2, 5.0039893801154291e-05)* (1, 7.518448849235589e-09)* (3, 8.4047543072500669e-09)* (11, 7.300756402414541e-08)
(14, 5.0039292055328286e-05)* (0, 7.3739786443764732e-08)* (3, 7.7531633159413015e-07)
